	0	2	100078.1	0.0030519	0.0363206	1	0.0364486	85.19695	-0.0000977	3.57014	11	0.021629	0.0007916
	1	3	79453.13	0.0027655	0.0291579	1	0.0292888	84.58195	-9.123175E-005	3.570145	11	0.0317764	0.0009327
	2	5	63140.62	0.0025067	0.0234282	1	0.0235619	83.89291	-9.310263E-005	3.570146	11	0.0392269	0.0009253
	3	6	50203.12	0.0022896	0.0187855	1	0.0189245	83.0509	-0.0001019	3.570142	11	0.0491388	0.0009305
	4	8	39890.62	0.0020888	0.0150832	1	0.0152272	82.11561	-0.0001031	3.570144	11	0.0619871	0.0009442
	5	9	31640.63	0.0019328	0.0120841	1	0.0122377	80.91277	-0.0001043	3.570143	11	0.0767758	0.0009397
	6	11	25171.88	0.0017956	0.009725	1	0.0098894	79.53864	-0.000096	3.570149	11	0.0932896	0.0009227
	7	12	20015.62	0.0016663	0.0078081	1	0.0079839	77.95356	-8.909445E-005	3.570153	11	0.1120306	0.0008945
	8	14	15890.62	0.0015641	0.0062578	1	0.0064503	75.96721	-0.0001064	3.570145	11	0.1348276	0.0008697
	9	15	12609.37	0.0014532	0.0050226	1	0.0052286	73.86318	-0.0014531	3.570158	12	0.1640868	0.0008577
	10	17	10078.13	0.0013797	0.004039	1	0.0042682	71.14075	-0.0016925	3.570151	12	0.1968996	0.0008402
	11	18	8015.625	0.0013509	0.0032247	1	0.0034963	67.27001	-0.0017961	3.570148	12	0.2385288	0.0008339
	12	20	6328.125	0.0013152	0.0025507	1	0.0028698	62.72266	-0.0009678	3.570147	12	0.2886444	0.0008283
	13	22	5015.625	0.0012948	0.0020314	1	0.002409	57.48663	-0.0010093	3.570147	12	0.3501295	0.0008434
	14	23	3984.375	0.0012698	0.0016167	1	0.0020558	51.85292	-0.0007853	3.57015	12	0.4162267	0.0008556
	15	25	3170.956	0.0012515	0.0012783	1	0.001789	45.60607	-0.0010012	3.570146	12	0.4872374	0.0008716
	16	26	2527.573	0.0012458	0.0010066	1	0.0016017	38.93851	-0.0009441	3.570159	12	0.5595703	0.0008963
	17	28	1976.103	0.0012346	0.000765	1	0.0014524	31.7839	-0.0009572	3.570158	12	0.6249177	0.0009077
	18	29	1577.524	0.0012382	0.0005879	1	0.0013707	25.39868	-0.0010214	3.570142	12	0.6892243	0.0009447
	19	31	1265.625	0.0012489	0.0004251	1	0.0013193	18.79878	-0.0009537	3.57016	12	0.7302228	0.0009634
	20	32	998.264	0.001264	0.0003087	1	0.0013012	13.72271	-0.0009617	3.570153	12	0.7586352	0.0009871
	21	33	796.875	0.0012707	0.0002199	1	0.0012896	9.81989	-0.0009828	3.570148	12	0.7691743	0.0009919
	22	35	627.7902	0.0012866	0.000131	1	0.0012932	5.812418	-0.0010203	3.570145	12	0.776153	0.0010037
	23	36	505.5147	0.0013148	6.535807E-005	1	0.0013164	2.845798	-0.0009508	3.570153	12	0.7705836	0.0010062
	24	37	397.9953	0.0013398	7.122702E-006	1	0.0013398	0.3046042	-0.0009943	3.570157	12	0.7662117	0.0010215
	25	39	315.5048	0.0013667	-4.028267E-005	1	0.0013673	-1.688301	-0.0009963	3.570155	12	0.7475071	0.0010189
	26	40	252.4038	0.0013938	-7.830762E-005	1	0.001396	-3.215565	-0.0009939	3.570157	12	0.7310423	0.0010186
	27	41	198.6229	0.0014262	-0.0001104	1	0.0014305	-4.427086	-0.0010002	3.570159	12	0.7156788	0.0010226
	28	43	158.3615	0.0014597	-0.0001349	1	0.0014659	-5.279758	-0.0009983	3.570158	12	0.6985509	0.0010232
	29	44	125.558	0.0014932	-0.0001552	1	0.0015012	-5.933708	-0.0009777	3.570158	12	0.6817576	0.001023
	30	46	100.4464	0.0015276	-0.0001694	1	0.0015369	-6.329567	-0.0010123	3.57016	12	0.6658801	0.0010231
	31	47	79.00281	0.0015647	-0.0001806	1	0.001575	-6.58404	-0.0009867	3.570161	12	0.6504448	0.0010243
	32	49	63.3446	0.0015998	-0.0001852	1	0.0016105	-6.603863	-0.0009928	3.570163	12	0.6348161	0.0010222
	33	50	50.22321	0.0016353	-0.0001884	1	0.0016461	-6.573107	-0.0009809	3.570163	12	0.6208667	0.0010219
	34	52	38.42213	0.0016797	-0.0001875	1	0.0016901	-6.369295	-0.0009827	3.570163	12	0.6074302	0.0010266
	35	53	31.25	0.0017093	-0.0001811	1	0.0017189	-6.049337	-0.0009482	3.570161	12	0.5916622	0.001017
	36	55	24.93351	0.0017411	-0.0001729	1	0.0017496	-5.671341	-0.0009824	3.570163	12	0.5817485	0.0010178
	37	56	19.86229	0.0017723	-0.0001626	1	0.0017797	-5.243236	-0.0010927	3.570164	12	0.5714824	0.0010171
	38	58	15.625	0.001797	-0.0001443	1	0.0018028	-4.592339	-0.0009506	3.570161	12	0.5619107	0.001013
	39	59	12.40079	0.0018204	-0.0001297	1	0.0018251	-4.07369	-0.0010288	3.570163	12	0.5546866	0.0010123
	40	60	9.93114	0.0018365	-0.0001176	1	0.0018402	-3.663801	-0.0008741	3.570165	12	0.5478873	0.0010082
	41	62	7.944915	0.0018501	-0.0001072	1	0.0018532	-3.317168	-0.0008806	3.570166	12	0.5434452	0.0010071
	42	63	6.317385	0.0018613	-0.0000953	1	0.0018637	-2.931772	-0.0010145	3.570163	12	0.5394683	0.0010054
	43	65	5.008013	0.0018715	-8.641535E-005	1	0.0018735	-2.643734	-0.0008062	3.570159	12	0.5366189	0.0010053
	44	68	3.945707	0.0018808	-7.782427E-005	1	0.0018824	-2.369496	-0.0010564	3.570165	12	0.5338205	0.0010048
	45	71	3.158693	0.0018877	-7.270027E-005	1	0.0018891	-2.205572	-0.0010423	3.570159	12	0.5313393	0.0010037
	46	74	2.504006	0.0018937	-6.997248E-005	1	0.001895	-2.116091	-0.0007623	3.570158	12	0.5125973	0.0009732
	47	78	1.998082	0.0019011	-6.729013E-005	1	0.0019023	-2.027181	-0.0009003	3.57015	12	0.5368959	0.0010225
	48	83	1.584686	0.0019079	-6.573369E-005	1	0.001909	-1.973252	-0.0018398	3.570153	12	0.5302938	0.0010131
	49	88	1.266892	0.0019157	-6.466827E-005	1	0.0019168	-1.93338	-0.0003458	3.57015	12	0.5253479	0.0010074
	50	95	0.999041	0.0019213	-6.570757E-005	1	0.0019224	-1.958742	-0.0018114	3.570155	12	0.522845	0.0010054
	51	100	0.7923428	0.0019318	-6.844431E-005	1	0.001933	-2.029187	-0.0008726	3.570161	12	0.5215901	0.0010084
	52	107	0.633446	0.0019379	-7.225407E-005	1	0.0019393	-2.135233	-0.0009316	3.570157	12	0.5175841	0.0010038
	53	116	0.5040323	0.0019459	-7.803561E-005	1	0.0019475	-2.296446	-0.0009268	3.570158	12	0.5156767	0.0010043
	54	127	0.400641	0.0019528	-8.645177E-005	1	0.0019547	-2.534855	-0.0008574	3.570155	12	0.5134968	0.0010038
	55	141	0.316723	0.0019597	-9.176989E-005	1	0.0019618	-2.681125	-0.0009325	3.570156	12	0.5116429	0.0010038
	56	158	0.2520161	0.0019694	-0.0001022	1	0.0019721	-2.970695	-0.0009285	3.570156	12	0.5097415	0.0010053
	57	179	0.2003205	0.0019795	-0.0001181	1	0.0019831	-3.414831	-0.0009259	3.570159	12	0.5071002	0.0010056
	58	205	0.1588983	0.0019917	-0.0001331	1	0.0019961	-3.821923	-0.0009358	3.57016	12	0.5042879	0.0010066
	59	236	0.1260081	0.0020046	-0.0001503	1	0.0020102	-4.286579	-0.0008403	3.570182	12	0.5009496	0.001007
	60	274	0.1001603	0.0020202	-0.0001746	1	0.0020278	-4.939863	-0.0009382	3.570229	12	0.497506	0.0010088
	61	320	0.0794492	0.0020389	-0.0002029	1	0.0020489	-5.682013	-0.0009286	3.570265	12	0.4931608	0.0010105
	62	372	0.0631739	0.0020549	-0.000237	1	0.0020685	-6.57807	-0.0009279	3.570236	12	0.4880622	0.0010096
	63	436	0.0501337	0.0020713	-0.0002748	1	0.0020895	-7.557427	-0.0009251	3.570237	12	0.4834326	0.0010101
	64	517	0.0398258	0.0020997	-0.0003236	1	0.0021245	-8.761913	-0.0009364	3.570238	12	0.4785916	0.0010168
	65	619	0.0316296	0.0021288	-0.0003828	1	0.0021629	-10.19269	-0.0009335	3.570242	12	0.470694	0.0010181
	66	746	0.0251206	0.0021664	-0.0004483	1	0.0022123	-11.69145	-0.0009174	3.570244	12	0.4623416	0.0010229
